77.82926821708679
78.66677761077881
76.79086327552795
74.42145299911499
77.34222888946533
77.74487590789795
78.26337695121765
76.06195616722107
75.16038632392883
75.57035374641418
78.163494348526
74.97985506057739
77.62146973609924
76.15249919891357
77.11750507354736
76.39503002166748
76.70236015319824
72.23573684692383
78.99716353416443
77.3299949169159
79.23579668998718
74.23288059234619
77.29573798179626
78.02444529533386
76.49063277244568
76.10311961174011
77.31096291542053
77.67232465744019
79.94680857658386
77.8737108707428
79.14966011047363
76.69340324401855
76.89546060562134
76.8505597114563
76.91926407814026
78.70042681694031
76.95433187484741
76.15909719467163
77.58505201339722
75.99606132507324
77.20710897445679
75.84094667434692
78.19699120521545
79.9139769077301
77.81824088096619
78.15562915802002
74.82554292678833
79.30111885070801
77.00092554092407
76.35015630722046
74.96654343605042
77.9728627204895
77.13003945350647
79.64393758773804
77.19494247436523
78.82775640487671
77.0548677444458
78.3088014125824
76.55328702926636
76.18348717689514
77.91286087036133
78.34490752220154
77.67056059837341
73.02856540679932
78.74826908111572
76.43339252471924
78.38687515258789
74.86807656288147
78.80207681655884
77.5010347366333
77.52993965148926
75.37231016159058
78.08691048622131
76.62825012207031
76.9604549407959
78.71653151512146
76.45145082473755
77.83764433860779
79.09636521339417
78.21358132362366
73.80312252044678
76.36266493797302
77.45653700828552
76.04463005065918
75.79347705841064
75.97982621192932
76.82701063156128
74.92980551719666
77.75427007675171
78.18707251548767
77.25610375404358
76.06566739082336
77.71855854988098
77.96514701843262
79.98911881446838
77.05872416496277
74.96663880348206
76.08754062652588
78.39702439308167
76.06344938278198
78.74953126907349
76.24068665504456
77.6310338973999
77.65240383148193
78.58212876319885
78.19762063026428
77.29704308509827
78.47019743919373
75.40850353240967
78.60975456237793
77.39318132400513
74.69981074333191
74.08469700813293
76.52447557449341
76.56918239593506
77.4196195602417
0.16071677207946777
76.01169061660767
75.1462652683258
78.13268256187439
77.18310713768005
75.71332168579102
80.13903260231018
76.20260238647461
80.79209065437317
80.15024638175964
79.50162482261658
75.9809341430664
78.30656266212463
74.8391797542572
77.7214937210083
74.41566491127014
75.64740228652954
78.51220560073853
77.49364805221558
78.10299754142761
77.01627731323242
78.0973846912384
77.85147166252136
78.9564700126648
78.70347142219543
77.18003869056702
78.9051878452301
77.0988359451294
76.54367733001709
78.52044224739075
77.16998815536499
77.72214841842651
76.83050322532654
79.15706205368042
76.48498392105103
77.10838961601257
77.9132170677185
78.61942505836487
76.34845757484436
74.23165488243103
77.34003400802612
78.13882803916931
76.03324103355408
75.01234149932861
75.71232199668884
77.74701452255249
77.69541096687317
76.434326171875
77.69143271446228
80.7641761302948
77.45926833152771
78.74060153961182
79.14879107475281
76.59778547286987
76.85860347747803
75.17710566520691
76.93164873123169
77.48913741111755
76.80518794059753
75.67717790603638
74.73578190803528
77.20279836654663
77.69049906730652
76.35587167739868
76.16462230682373
79.04450726509094
78.39690613746643
77.60110807418823
